seed: 20260419
ratios: 0.800000,0.100000,0.100000
train: 4156
val: 519
test: 520
